10.000 0.00000
309.90 0.00000
609.80 0.00000
909.70 0.00000
1209.6 0.00000
1509.5 0.00000
1809.4 0.00000
2109.3 0.00000
2409.2 0.00000
2709.1 0.00000
3009.0 0.00000
3308.9 0.00000
3608.8 0.00000
3908.7 0.00000
4208.6 0.00000
4508.5 0.00000
4808.4 0.00000
5108.3 0.00000
5408.2 0.00000
5708.1 0.00000
6008.0 0.00000
6307.9 0.00000
6607.8 0.00000
6907.7 0.00000
7207.6 0.00000
7507.5 0.00000
7807.4 0.00000
8107.3 0.00000
8407.2 0.00000
8707.10 0.00000
9007.00 0.00000
9306.90 0.00000
9606.80 0.00000
9906.70 0.00000
10207.0 0.00000
10507.0 0.00000
10806.0 0.00000
11106.0 0.00000
11406.0 0.00000
11706.0 0.00000
12006.0 0.00000
12306.0 0.00000
12606.0 0.00000
12906.0 0.00000
13206.0 1.23314E-43
13505.0 6.89271E-41
13805.0 2.19857E-38
14105.0 4.25182E-36
14405.0 5.25294E-34
14705.0 4.33903E-32
15005.0 2.49487E-30
15305.0 1.04644E-28
15605.0 3.26826E-27
15905.0 7.81287E-26
16205.0 1.46494E-24
16504.0 2.20452E-23
16804.0 2.71501E-22
17104.0 2.78641E-21
17404.0 2.42053E-20
17704.0 1.80436E-19
18004.0 1.17060E-18
18304.0 6.67978E-18
18604.0 3.38953E-17
18904.0 1.54387E-16
19204.0 6.36655E-16
19504.0 2.39542E-15
19803.0 8.27510E-15
20103.0 2.64192E-14
20403.0 7.93668E-14
20703.0 2.23037E-13
21003.0 5.89018E-13
21303.0 1.46875E-12
21603.0 3.47213E-12
21903.0 7.81154E-12
22203.0 1.67852E-11
22502.0 3.45510E-11
22802.0 6.83355E-11
23102.0 1.30207E-10
23402.0 2.39597E-10
23702.0 4.26788E-10
24002.0 7.37505E-10
24302.0 1.23854E-09
24602.0 2.02521E-09
24902.0 3.22968E-09
25202.0 5.03101E-09
25501.0 7.66650E-09
25801.0 1.14423E-08
26101.0 1.67489E-08
26401.0 2.40712E-08
26701.0 3.40006E-08
27001.0 4.72501E-08
27301.0 6.46617E-08
27601.0 8.72169E-08
27901.0 1.16043E-07
28201.0 1.52412E-07
28500.0 1.97736E-07
28800.0 2.53599E-07
29100.0 3.21703E-07
29400.0 4.03887E-07
29700.0 5.02108E-07
30000.0 6.18417E-07